0 0.0 1.1258999068426268e-35 6.736176349535079e-16 3.0550261367943775e-11 4.863622755167723e-09
1 0.0 1.68884986026394e-33 2.667430109335419e-15 8.349407573115978e-11 1.1598126148747083e-08
2 0.0 1.246934146828209e-31 9.651594281172724e-15 1.9570513066800065e-10 2.268365738040616e-08
3 0.0 6.041015950164111e-30 3.376201387457084e-14 4.4108935321266e-10 4.1978843160035845e-08
4 0.0 2.160008009030141e-28 1.1461804127430172e-13 9.730229782207654e-10 7.584057959267898e-08
5 0.0 6.078817814356373e-27 3.7782578011062475e-13 2.1073265040073473e-09 1.348495842883316e-07
6 0.0 1.402294136374666e-25 1.2096560533308694e-12 4.483384445059393e-09 2.3650151769945464e-07
7 0.0 2.7268243275013492e-24 3.7624446034481316e-12 9.371489029229187e-09 4.09376936966535e-07
8 0.0 4.561773789119949e-23 1.1371479769009979e-11 1.9247257208396025e-08 6.995161077150963e-07
9 0.0 6.668255151943065e-22 3.3404000498352484e-11 3.884269389516914e-08 1.1800074134207291e-06
10 0.0 8.621637025489004e-21 9.53907031423e-11 7.702841259896734e-08 1.965159128061783e-06
11 0.0 9.957068772194202e-20 2.648663679893665e-10 1.5011138984411814e-07 3.2310660782729947e-06
12 0.0 1.035476482980102e-18 7.152268305593429e-10 2.8748599181188585e-07 5.24489669220342e-06
13 0.0 9.76200848207573e-18 1.878607679909322e-09 5.411013785220027e-07 8.40578630911342e-06
14 0.0 8.390749085804678e-17 4.800418048236313e-09 1.0009615744305278e-06 1.3300779026483602e-05
15 0.0 6.607535833739761e-16 1.1935606174724597e-08 1.8199113723900116e-06 2.077973042038657e-05
16 0.0 4.787198154253718e-15 2.88802348925185e-08 3.2523236805680636e-06 3.2053346728500694e-05
17 0.0 3.2026956842392195e-14 6.801628048693592e-08 5.71299674624242e-06 4.881843125990285e-05
18 0.0 1.9848852068634106e-13 1.559347535853549e-07 9.864527416123769e-06 7.341373709175253e-05
19 0.0 1.1427966002003837e-12 3.480565456370514e-07 1.6743470895044277e-05 0.00010900836239809338
20 0.0 6.127807125745783e-12 7.564663745358946e-07 2.793738985811376e-05 0.0001598221453451758
21 0.0 3.0669960282540546e-11 1.6010898758687922e-06 4.582589520027483e-05 0.00023137382921154355
22 0.0 1.4356868702912226e-10 3.300492331809045e-06 7.389822177774088e-05 0.00033074777076077595
23 0.0 6.296824596855204e-10 6.627149998068959e-06 0.00011715679569251569 0.0004668636973027258
24 0.0 2.5917765342832785e-09 1.2963002274528963e-05 0.00018260954780267459 0.0006507267311206122
25 0.0 1.0025764762795234e-08 2.4703496362240227e-05 0.0002798423805294712 0.0008956271103721706
26 0.0 3.649643745442968e-08 4.586974360208772e-05 0.00042164649962683385 0.0012172515597225705
27 0.0 1.2517317977513257e-07 8.29942673328616e-05 0.0006246532642975552 0.001633662215444994
28 0.0 4.049173491468551e-07 0.00014633913657213237 0.0009099028607156281 0.0021650957429413514
29 0.0 1.2366271436992107e-06 0.00025147693538864197 0.0013032449886101435 0.0028335362741807985
30 0.0 3.5687186397207947e-06 0.0004212052698910574 0.0018354440486579007 0.003662022445590946
31 0.0 9.73947243825457e-06 0.0006876669799443101 0.0025418437860443405 0.0046736622283393
32 0.0 2.5155007305030193e-05 0.0010944103688262509 0.003461443818760383 0.005890349917831584
33 0.0 6.152709068821805e-05 0.0016979581991565117 0.004635259895147024 0.007331207232618646
34 0.0 0.00014260065064238743 0.0025682891866485678 0.006103886688091363 0.009010803537776283
35 0.0 0.0003133470373412915 0.003787517532475801 0.007904258989021766 0.010937246158332473
36 0.0 0.0006531183228543247 0.005446044588519127 0.010065712093596657 0.013110266888627087
37 0.0 0.0012918520807315022 0.007635613666120925 0.012605566723501101 0.015519460606223634
38 0.0 0.0024258369424001412 0.010439068364430643 0.015524593373669527 0.018142851477707014
39 0.0 0.004326072077243327 0.013917200060574918 0.018802825448796995 0.020945966996418444
40 0.0 0.007329056724445965 0.0180938139868356 0.022396266902462596 0.02388158644292471
41 0.0 0.01179907557183468 0.022940918970647074 0.026235056059079387 0.02689029648969651
42 0.0 0.018055201045387954 0.02836656902999334 0.03022358604217718 0.029901933115812476
43 0.0 0.02626675078668737 0.03420814865075668 0.0342429369119292 0.03283791896956513
44 0.0 0.03633644152620309 0.04023362315856564 0.03815575187371186 0.03561442467242197
45 0.0 0.04780579427361857 0.04615239076300154 0.041813411233791016 0.038146199337454244
46 0.0 0.05982451390373156 0.05163593662763522 0.04506505795072544 0.0403508391458201
47 0.0 0.07121729472114469 0.05634672442934829 0.047767751269702806 0.04215320271029421
48 0.0 0.08065582090191263 0.05997201968508365 0.049796815444858394 0.04348964651585833
49 0.0 0.086907174400656 0.06225802761952905 0.05105534789888375 0.04431174889087877
50 1.0 0.0890964842020285 0.0630392009073712 0.05148187994210085 0.04458921921438008
51 0.0 0.086907174400656 0.06225802761952905 0.05105534789888375 0.04431174889087877
52 0.0 0.08065582090191263 0.05997201968508365 0.049796815444858394 0.04348964651585833
53 0.0 0.07121729472114469 0.05634672442934829 0.047767751269702806 0.04215320271029421
54 0.0 0.05982451390373156 0.05163593662763522 0.04506505795072544 0.0403508391458201
55 0.0 0.04780579427361857 0.04615239076300154 0.041813411233791016 0.038146199337454244
56 0.0 0.03633644152620309 0.04023362315856564 0.03815575187371186 0.03561442467242197
57 0.0 0.02626675078668737 0.03420814865075668 0.0342429369119292 0.03283791896956513
58 0.0 0.018055201045387954 0.02836656902999334 0.03022358604217718 0.029901933115812476
59 0.0 0.01179907557183468 0.022940918970647074 0.026235056059079387 0.02689029648969651
60 0.0 0.007329056724445965 0.0180938139868356 0.022396266902462596 0.02388158644292471
61 0.0 0.004326072077243327 0.013917200060574918 0.018802825448796995 0.020945966996418444
62 0.0 0.0024258369424001412 0.010439068364430643 0.015524593373669527 0.018142851477707014
63 0.0 0.0012918520807315022 0.007635613666120925 0.012605566723501101 0.015519460606223634
64 0.0 0.0006531183228543247 0.005446044588519127 0.010065712093596657 0.013110266888627087
65 0.0 0.0003133470373412915 0.003787517532475801 0.007904258989021766 0.010937246158332473
66 0.0 0.00014260065064238743 0.0025682891866485678 0.006103886688091363 0.009010803537776283
67 0.0 6.152709068821805e-05 0.0016979581991565117 0.004635259895147024 0.007331207232618646
68 0.0 2.5155007305030193e-05 0.0010944103688262509 0.003461443818760383 0.005890349917831584
69 0.0 9.73947243825457e-06 0.0006876669799443101 0.0025418437860443405 0.0046736622283393
70 0.0 3.5687186397207947e-06 0.0004212052698910574 0.0018354440486579007 0.003662022445590946
71 0.0 1.2366271436992107e-06 0.00025147693538864197 0.0013032449886101435 0.0028335362741807985
72 0.0 4.049173491468551e-07 0.00014633913657213237 0.0009099028607156281 0.0021650957429413514
73 0.0 1.2517317977513257e-07 8.29942673328616e-05 0.0006246532642975552 0.001633662215444994
74 0.0 3.649643745442968e-08 4.586974360208772e-05 0.00042164649962683385 0.0012172515597225705
75 0.0 1.0025764762795234e-08 2.4703496362240227e-05 0.0002798423805294712 0.0008956271103721706
76 0.0 2.5917765342832785e-09 1.2963002274528963e-05 0.00018260954780267459 0.0006507267311206122
77 0.0 6.296824596855204e-10 6.627149998068959e-06 0.00011715679569251569 0.0004668636973027258
78 0.0 1.4356868702912226e-10 3.300492331809045e-06 7.389822177774088e-05 0.00033074777076077595
79 0.0 3.0669960282540546e-11 1.6010898758687922e-06 4.582589520027483e-05 0.00023137382921154355
80 0.0 6.127807125745783e-12 7.564663745358946e-07 2.793738985811376e-05 0.0001598221453451758
81 0.0 1.1427966002003837e-12 3.480565456370514e-07 1.6743470895044277e-05 0.00010900836239809338
82 0.0 1.9848852068634106e-13 1.559347535853549e-07 9.864527416123769e-06 7.341373709175253e-05
83 0.0 3.2026956842392195e-14 6.801628048693592e-08 5.71299674624242e-06 4.881843125990285e-05
84 0.0 4.787198154253718e-15 2.88802348925185e-08 3.2523236805680636e-06 3.2053346728500694e-05
85 0.0 6.607535833739761e-16 1.1935606174724597e-08 1.8199113723900116e-06 2.077973042038657e-05
86 0.0 8.390749085804678e-17 4.800418048236313e-09 1.0009615744305278e-06 1.3300779026483602e-05
87 0.0 9.76200848207573e-18 1.878607679909322e-09 5.411013785220027e-07 8.40578630911342e-06
88 0.0 1.035476482980102e-18 7.152268305593429e-10 2.8748599181188585e-07 5.24489669220342e-06
89 0.0 9.957068772194202e-20 2.648663679893665e-10 1.5011138984411814e-07 3.2310660782729947e-06
90 0.0 8.621637025489004e-21 9.53907031423e-11 7.702841259896734e-08 1.965159128061783e-06
91 0.0 6.668255151943065e-22 3.3404000498352484e-11 3.884269389516914e-08 1.1800074134207291e-06
92 0.0 4.561773789119949e-23 1.1371479769009979e-11 1.9247257208396025e-08 6.995161077150963e-07
93 0.0 2.7268243275013492e-24 3.7624446034481316e-12 9.371489029229187e-09 4.09376936966535e-07
94 0.0 1.402294136374666e-25 1.2096560533308694e-12 4.483384445059393e-09 2.3650151769945464e-07
95 0.0 6.078817814356373e-27 3.7782578011062475e-13 2.1073265040073473e-09 1.348495842883316e-07
96 0.0 2.160008009030141e-28 1.1461804127430172e-13 9.730229782207654e-10 7.584057959267898e-08
97 0.0 6.041015950164111e-30 3.376201387457084e-14 4.4108935321266e-10 4.1978843160035845e-08
98 0.0 1.246934146828209e-31 9.651594281172724e-15 1.9570513066800065e-10 2.268365738040616e-08
99 0.0 1.68884986026394e-33 2.667430109335419e-15 8.349407573115978e-11 1.1598126148747083e-08
100 0.0 1.1258999068426268e-35 6.736176349535079e-16 3.0550261367943775e-11 4.863622755167723e-09
