0  1.0 1.0  1.0
1  2.0028 1.9978  2.0002
2  3.0048 2.9972  2.9854
3  3.988 3.9798  3.9906
4  5.0496 5.0304  4.976
5  6.0468 6.0448  5.9318
6  6.9176 7.05  6.9684
7  7.982 8.0512  7.9992
8  9.0232 9.0888  9.0008
9  9.9716 10.1136  10.0114
10  10.9816 11.1724  11.0026
11  12.0552 12.2274  12.046
12  13.0968 13.1932  13.039
13  14.1364 14.2332  14.0888
14  15.1792 15.278  15.1334
15  16.162 16.2358  16.1014
16  17.18 17.254  17.067
17  18.1008 18.1844  18.052
18  18.8984 19.2732  18.983
19  19.8068 20.2244  20.0402
20  20.7144 21.2464  21.11
21  21.74 22.298  22.1892
22  22.7984 23.418  23.1386
23  23.8384 24.4224  24.1608
24  24.9 25.368  25.1582
25  25.7452 26.4616  26.1816
26  26.8624 27.5128  27.1712
27  27.72 28.53  28.1604
28  28.6664 29.4616  29.095
29  29.7268 30.371  30.121
30  30.6504 31.4156  31.1134
31  31.6296 32.3904  32.231
32  32.5632 33.3684  33.3748
33  33.4876 34.3218  34.3834
34  34.3384 35.2412  35.232
35  35.2032 36.2726  36.2362
36  36.268 37.3052  37.2808
37  37.5 38.306  38.3944
38  38.6296 39.2436  39.3356
39  39.6812 40.148  40.3602
40  40.6688 41.2036  41.1868
41  41.7696 42.1956  42.302
42  42.7568 43.2924  43.3316
43  43.6912 44.3566  44.2478
44  44.7624 45.3192  45.3292
45  45.7012 46.3236  46.3646
46  46.7184 47.2224  47.1968
47  47.7296 48.0908  48.2768
48  48.7272 49.1856  49.3266
49  49.6192 50.1986  50.3014
50  50.5936 51.2824  51.2164
51  51.8804 52.199  52.2066
52  53.1448 53.2964  53.2886
53  54.2228 54.1878  54.3186
54  55.0072 55.172  55.305
55  56.13 56.083  56.3694
56  57.0688 57.1328  57.3424
57  58.1372 58.161  58.2092
58  59.2744 59.0064  59.2044
59  60.1636 59.8542  60.1544
60  61.4296 61.0844  61.1328
61  62.4928 62.123  62.0044
62  63.4088 62.9356  63.161
63  64.3284 63.9106  64.103
64  65.2024 64.9268  65.0048
65  66.2364 65.8764  66.108
66  67.3848 66.944  67.0906
67  68.4076 67.8632  67.9928
68  69.2136 68.8496  69.0624
69  70.4864 69.8476  70.1726
70  71.5912 71.1096  71.1332
71  72.7212 71.9056  71.9844
72  73.6288 73.0256  73.1092
73  74.4528 73.8992  74.1068
74  75.356 74.6608  75.2018
75  76.7424 75.6768  76.1282
76  77.848 76.7604  77.0716
77  78.6528 77.9816  78.2148
78  80.0424 79.0696  78.995
79  81.284 80.1412  79.9314
80  82.3424 81.248  80.881
81  83.0568 82.2966  81.814
82  84.0776 83.1628  82.8762
83  85.1152 84.5528  83.9668
84  85.9144 85.5932  84.9378
85  86.944 86.6742  85.9582
86  87.84 88.042  86.931
87  88.5252 88.9092  87.7576
88  89.6368 89.8344  88.7406
89  90.6672 90.7956  89.798
90  91.5656 91.74  90.7352
91  92.4376 92.7072  91.6462
92  93.5304 93.8644  92.7376
93  94.6188 94.8162  93.5398
94  95.7496 95.754  94.477
95  96.4736 96.7848  95.6028
96  97.2464 97.578  96.6992
97  98.4768 98.5334  97.8404
98  99.3416 99.6044  98.732
99  100.2748 100.6218  99.8174
